2580.00	69.29626
2530.00	59.39069
2468.00	63.00323
2380.00	62.37848
2204.00	91.00970
2174.00	87.77427
1856.00	90.41188
1598.00	88.37920
1410.00	86.51699
1264.00	80.14822
1146.00	73.30372
1056.00	63.05222
974.00	51.18283
912.00	38.72392
866.00	27.84479
672.00	1.99252
644.00	1.85697
480.00	1.80134
452.00	1.68454
2542.00	54.76814
2504.00	54.07013
2450.00	54.17817
2372.00	59.50694
2194.00	84.72652
2024.00	59.67784
1798.00	44.50557
1494.00	58.68828
1330.00	55.42222
1200.00	51.14192
1096.00	49.00046
1008.00	39.93903
940.00	33.66406
876.00	26.34484
696.00	1.90763
658.00	1.81728
504.00	1.75488
464.00	1.65244
260.00	-0.03482
