3.000000000000000000e+02 1.679743886057486257e+00 2.867178754279916530e-01
3.065326633165828980e+02 1.774183563499838412e+00 2.647195444364528472e-01
3.130653266331658529e+02 1.828742321513387559e+00 2.484145444988580531e-01
3.195979899497487509e+02 1.871924098413891180e+00 2.323184565605420915e-01
3.261306532663316489e+02 1.910520232743069702e+00 2.149228247273428372e-01
3.326633165829146037e+02 1.947087964575597629e+00 1.952950869385718657e-01
3.391959798994975017e+02 1.982693519734424425e+00 1.724182689041333927e-01
3.457286432160803997e+02 2.017456677248555597e+00 1.446540247984898497e-01
3.522613065326632977e+02 2.049669503243084279e+00 1.082726901937039743e-01
3.587939698492462526e+02 2.057217376551822685e+00 4.561419747885408355e-02
3.653266331658291506e+02 2.027134540542613106e+00 3.703752046729673667e-04
3.718592964824120486e+02 1.991576732061774324e+00 4.047545019177033708e-04
3.783919597989950034e+02 1.971598670385666940e+00 4.384285455792227880e-04
3.849246231155779014e+02 1.957813812229707962e+00 4.728868897152389275e-04
3.914572864321607994e+02 1.947398695327539064e+00 5.086104245803528068e-04
3.979899497487436975e+02 1.939090356581908425e+00 5.458461743138071001e-04
4.045226130653266523e+02 1.932210230295045461e+00 5.847558828593130619e-04
4.110552763819095503e+02 1.926351782105410360e+00 6.254628407506608459e-04
4.175879396984924483e+02 1.921252940397531139e+00 6.680707691259201711e-04
4.241206030150754032e+02 1.916735542154923921e+00 7.126726909236506726e-04
4.306532663316583012e+02 1.912673454904205261e+00 7.593555621175630778e-04
4.371859296482411992e+02 1.908974467017423793e+00 8.082028875545423921e-04
4.437185929648240972e+02 1.905569378181528384e+00 8.592962904781195925e-04
4.502512562814070520e+02 1.902405112918674313e+00 9.127165018453512390e-04
4.567839195979899500e+02 1.899440204286925615e+00 9.685440101922183822e-04
4.633165829145729049e+02 1.896641736020518110e+00 1.026859504976320499e-03
4.698492462311558029e+02 1.893983215339711368e+00 1.087744186755689769e-03
4.763819095477387009e+02 1.891443058307636704e+00 1.151279993326965448e-03
4.829145728643215989e+02 1.889003489248839207e+00 1.217549765867652345e-03
4.894472361809044969e+02 1.886649726643556901e+00 1.286637376972396421e-03
4.959798994974874518e+02 1.884369371323879383e+00 1.358627830597229505e-03
5.025125628140703498e+02 1.882151940150287972e+00 1.433607341468452192e-03
5.090452261306533046e+02 1.879988506021315509e+00 1.511663400368085369e-03
5.155778894472362026e+02 1.877871416749006261e+00 1.592884830179381542e-03
5.221105527638191006e+02 1.875794073208455925e+00 1.677361831874679861e-03
5.286432160804019986e+02 1.873750752577400869e+00 1.765186027081233058e-03
5.351758793969848966e+02 1.871736466256570752e+00 1.856450494767497312e-03
5.417085427135677946e+02 1.869746844736273950e+00 1.951249805344158718e-03
5.482412060301508063e+02 1.867778043596187265e+00 2.049680052189602805e-03
5.547738693467337043e+02 1.865826666223256991e+00 2.151838881740447251e-03
5.613065326633166023e+02 1.863889699861559945e+00 2.257825521537296185e-03
5.678391959798995003e+02 1.861964462373541629e+00 2.367740808145549301e-03
5.743718592964823983e+02 1.860048557667375757e+00 2.481687213875131363e-03
5.809045226130654100e+02 1.858139838181633197e+00 2.599768873702241762e-03
5.874371859296481944e+02 1.856236373152392760e+00 2.722091611212079047e-03
5.939698492462312061e+02 1.854336421645586874e+00 2.848762965276912130e-03
6.005025125628141041e+02 1.852438409537652930e+00 2.979892216336547679e-03
6.070351758793970021e+02 1.850540909784402555e+00 3.115590413140478104e-03
6.135678391959799001e+02 1.848642625441664133e+00 3.255970399936786337e-03
6.201005025125627981e+02 1.846742374999342351e+00 3.401146843640842372e-03
6.266331658291458098e+02 1.844839079668858517e+00 3.551236261797699554e-03
6.331658291457285941e+02 1.842931752326792072e+00 3.706357051263052364e-03
6.396984924623116058e+02 1.841019487868296389e+00 3.866629517216764976e-03
6.462311557788945038e+02 1.839101454765033283e+00 4.032175902808008729e-03
6.527638190954774018e+02 1.837176887655953994e+00 4.203120420047725195e-03
6.592964824120602998e+02 1.835245080826750197e+00 4.379589280924824773e-03
6.658291457286431978e+02 1.833305382456442256e+00 4.561710729854300331e-03
6.723618090452262095e+02 1.831357189528272533e+00 4.749615076799632192e-03
6.788944723618089938e+02 1.829399943317597366e+00 4.943434731487609222e-03
6.854271356783920055e+02 1.827433125382399659e+00 5.143304238755712701e-03
6.919597989949749035e+02 1.825456253992864264e+00 5.349360314846307064e-03
6.984924623115578015e+02 1.823468880945519066e+00 5.561741885046708918e-03
7.050251256281406995e+02 1.821470588715108141e+00 5.780590122541398417e-03
7.115577889447235975e+02 1.819460987903792182e+00 6.006048488580529275e-03
7.180904522613066092e+02 1.817439714952777452e+00 6.238262774050048511e-03
7.246231155778893935e+02 1.815406430086094813e+00 6.477381142628152282e-03
7.311557788944724052e+02 1.813360815460247188e+00 6.723554175326253157e-03
7.376884422110553032e+02 1.811302573496818225e+00 6.976934916896023256e-03
7.442211055276382012e+02 1.809231425378058811e+00 7.237678923898230483e-03
7.507537688442210992e+02 1.807147109687963438e+00 7.505944314585385156e-03
7.572864321608039972e+02 1.805049381183515322e+00 7.781891820809515824e-03
7.638190954773870089e+02 1.802938009682637066e+00 8.065684842086875972e-03
7.703517587939697933e+02 1.800812779057007429e+00 8.357489501738479820e-03
7.768844221105528050e+02 1.798673486319308790e+00 8.657474705407760054e-03
7.834170854271357030e+02 1.796519940795696213e+00 8.965812202059841168e-03
7.899497487437186010e+02 1.794351963375340642e+00 9.282676647654423269e-03
7.964824120603016127e+02 1.792169385829844641e+00 9.608245671585838657e-03
8.030150753768843970e+02 1.789972050196144693e+00 9.942699945981172890e-03
8.095477386934674087e+02 1.787759808217234569e+00 1.028622325832491413e-02
8.160804020100503067e+02 1.785532520835685588e+00 1.063900258726813847e-02
8.226130653266332047e+02 1.783290057735501533e+00 1.100122818211963539e-02
8.291457286432161027e+02 1.781032296928342973e+00 1.137309364604714365e-02
8.356783919597990007e+02 1.778759124380599355e+00 1.175479602332395873e-02
8.422110552763818987e+02 1.776470433678192018e+00 1.214653589097359522e-02
8.487437185929647967e+02 1.774166125726329701e+00 1.254851745486806718e-02
8.552763819095478084e+02 1.771846108481773152e+00 1.296094865081569986e-02
8.618090452261307064e+02 1.769510296715439024e+00 1.338404125092711172e-02
8.683417085427136044e+02 1.767158611803440804e+00 1.381801097548310438e-02
8.748743718592965024e+02 1.764790981544899884e+00 1.426307761086073427e-02
8.814070351758794004e+02 1.762407340005072820e+00 1.471946513389001468e-02
8.879396984924622984e+02 1.760007627382540019e+00 1.518740184305250769e-02
8.944723618090453101e+02 1.757591789899393575e+00 1.566712049708155266e-02
9.010050251256282081e+02 1.755159779713519885e+00 1.615885846149895874e-02
9.075376884422111061e+02 1.752711554852247833e+00 1.666285786358414830e-02
9.140703517587940041e+02 1.750247079166774800e+00 1.717936575654579329e-02
9.206030150753769021e+02 1.747766322306945286e+00 1.770863429354460269e-02
9.271356783919598001e+02 1.745269259716078381e+00 1.825092091219584350e-02
9.336683417085426981e+02 1.742755872645698201e+00 1.880648853058157835e-02
9.402010050251257098e+02 1.740226148190149535e+00 1.937560575545195160e-02
9.467336683417086078e+02 1.737680079341219264e+00 1.995854710377710159e-02
9.532663316582915058e+02 1.735117665063020675e+00 2.055559323852079734e-02
9.597989949748744039e+02 1.732538910387549258e+00 2.116703121995629211e-02
9.663316582914573019e+02 1.729943826531451512e+00 2.179315477366073131e-02
9.728643216080401999e+02 1.727332431034709348e+00 2.243426457664199347e-02
9.793969849246230979e+02 1.724704747922100490e+00 2.309066856304770737e-02
9.859296482412061096e+02 1.722060807888468492e+00 2.376268225113065125e-02
9.924623115577890076e+02 1.719400648509011642e+00 2.445062909333053577e-02
9.989949748743719056e+02 1.716724314476001156e+00 2.515484085128910641e-02
1.005527638190954804e+03 1.714031857863554054e+00 2.587565799815790338e-02
1.012060301507537702e+03 1.711323338422308771e+00 2.661343015045971802e-02
1.018592964824120600e+03 1.708598823906113395e+00 2.736851653211523974e-02
1.025125628140703611e+03 1.705858390433112604e+00 2.814128647356421015e-02
1.031658291457286396e+03 1.703102122883929592e+00 2.893211994913445426e-02
1.038190954773869407e+03 1.700330115339970138e+00 2.974140815603039736e-02
1.044723618090452419e+03 1.697542471565278266e+00 3.056955413889043613e-02
1.051256281407035203e+03 1.694739305535764462e+00 3.141697346406938790e-02
1.057788944723617988e+03 1.691920742020129875e+00 3.228409494823181181e-02
1.064321608040200999e+03 1.689086917217313522e+00 3.317136144648502594e-02
1.070854271356784011e+03 1.686237979455901481e+00 3.407923070556779371e-02
1.077386934673366795e+03 1.683374089961582998e+00 3.500817628840469792e-02
1.083919597989949807e+03 1.680495423699498891e+00 3.595868857683191810e-02
1.090452261306532819e+03 1.677602170299169471e+00 3.693127586009378044e-02
1.096984924623115603e+03 1.674694535070625045e+00 3.792646551747092670e-02
1.103517587939698387e+03 1.671772740121446610e+00 3.894480530422427672e-02
1.110050251256281399e+03 1.668837025585619749e+00 3.998686475107452593e-02
1.116582914572864411e+03 1.665887650976481726e+00 4.105323668839602758e-02
1.123115577889447195e+03 1.662924896677568709e+00 4.214453890747996839e-02
1.129648241206030207e+03 1.659949065586923345e+00 4.326141597250573317e-02
1.136180904522613218e+03 1.656960484932390676e+00 4.440454119811200473e-02
1.142713567839196003e+03 1.653959508277651036e+00 4.557461880905751966e-02
1.149246231155778787e+03 1.650946517741251007e+00 4.677238629986845558e-02
1.155778894472361799e+03 1.647921926453738584e+00 4.799861701416666820e-02
1.162311557788944810e+03 1.644886181281185245e+00 4.925412296505380511e-02
1.168844221105527595e+03 1.641839765846979882e+00 5.053975791968625536e-02
1.175376884422110606e+03 1.638783203887801632e+00 5.185642077306713837e-02
1.181909547738693618e+03 1.635717062984173520e+00 5.320505923778080098e-02
1.188442211055276402e+03 1.632641958711010810e+00 5.458667387806240279e-02
1.194974874371859187e+03 1.629558559259105754e+00 5.600232251792858218e-02
1.201507537688442198e+03 1.626467590584568468e+00 5.745312505409350123e-02
1.208040201005025210e+03 1.623369842149849251e+00 5.894026870467216489e-02
1.214572864321607994e+03 1.620266173327031600e+00 6.046501372395708673e-02
1.221105527638191006e+03 1.617157520541540272e+00 6.202869961155331457e-02
1.227638190954774018e+03 1.614044905242032257e+00 6.363275184005826035e-02
1.234170854271356802e+03 1.610929442789745591e+00 6.527868911873288549e-02
1.240703517587939587e+03 1.607812352367529840e+00 6.696813120019390331e-02
1.247236180904522826e+03 1.604694968014447554e+00 6.870280722162830367e-02
1.253768844221105610e+03 1.601578750895277681e+00 7.048456454997255316e-02
1.260301507537688394e+03 1.598465302914011676e+00 7.231537806944890456e-02
1.266834170854271406e+03 1.595356381774548193e+00 7.419735980730544911e-02
1.273366834170854418e+03 1.592253917577537203e+00 7.613276873595541117e-02
1.279899497487437202e+03 1.589160031015947938e+00 7.812402051271230552e-02
1.286432160804019986e+03 1.586077053188418517e+00 8.017369681671229764e-02
1.292964824120603225e+03 1.583007546982218017e+00 8.228455381030938542e-02
1.299497487437186010e+03 1.579954329878035191e+00 8.445952908215441368e-02
1.306030150753768794e+03 1.576920497885975214e+00 8.670174621377889357e-02
1.312562814070351806e+03 1.573909450122603415e+00 8.901451584348367418e-02
1.319095477386934817e+03 1.570924913266747325e+00 9.140133177500425754e-02
1.325628140703517602e+03 1.567970964769274556e+00 9.386586029165364109e-02
1.332160804020100613e+03 1.565052053221256401e+00 9.641192039524762447e-02
1.338693467336683398e+03 1.562173013690852486e+00 9.904345221134007449e-02
1.345226130653266409e+03 1.559339075115714124e+00 1.017644703271174539e-01
1.351758793969849194e+03 1.556555855996619941e+00 1.045789984249062277e-01
1.358291457286432205e+03 1.553829343722695766e+00 1.074909813531153696e-01
1.364824120603015217e+03 1.551165851962362119e+00 1.105041709003480171e-01
1.371356783919598001e+03 1.548571949841597739e+00 1.136219822268399599e-01
1.377889447236181013e+03 1.546054356358492976e+00 1.168473194284827821e-01
1.384422110552763797e+03 1.543619794007089041e+00 1.201823713448796210e-01
1.390954773869346809e+03 1.541274797342524927e+00 1.236283826975823480e-01
1.397487437185929593e+03 1.539025475664720588e+00 1.271854109998779847e-01
1.404020100502512605e+03 1.536877234452199703e+00 1.308520861097106081e-01
1.410552763819095617e+03 1.534834467618531262e+00 1.346253959772076569e-01
1.417085427135678401e+03 1.532900241462874513e+00 1.385005276258495788e-01
1.423618090452261413e+03 1.531075999906053031e+00 1.424707947438038080e-01
1.430150753768844197e+03 1.529361327012032978e+00 1.465276803890273871e-01
1.436683417085427209e+03 1.527753804261495763e+00 1.506610138089476691e-01
1.443216080402009993e+03 1.526248994374878487e+00 1.548592843541344299e-01
1.449748743718593005e+03 1.524840569990597361e+00 1.591100751930379920e-01
1.456281407035176017e+03 1.523520585846685149e+00 1.634005793101476478e-01
1.462814070351758801e+03 1.522279871316187361e+00 1.677181452988141530e-01
1.469346733668341813e+03 1.521108501532959734e+00 1.720507950245001305e-01
1.475879396984924597e+03 1.519996294683830795e+00 1.763876609705796461e-01
1.482412060301507609e+03 1.518933282760321468e+00 1.807193062716013210e-01
1.488944723618090620e+03 1.517910112424395219e+00 1.850379107360871356e-01
1.495477386934673405e+03 1.516918348286645957e+00 1.893373263146828356e-01
1.502010050251256416e+03 1.515950668330428242e+00 1.936130211910812027e-01
1.508542713567839201e+03 1.515000956458482095e+00 1.978619407622794479e-01
1.515075376884422212e+03 1.514064307771999296e+00 2.020823162248427396e-01
1.521608040201004997e+03 1.513136967581726999e+00 2.062734488171575620e-01
1.528140703517588008e+03 1.512216226020185239e+00 2.104354921108395615e-01
1.534673366834171020e+03 1.511300287875508408e+00 2.145692480700908122e-01
1.541206030150753804e+03 1.510388133381038500e+00 2.186759863181988450e-01
1.547738693467336816e+03 1.509479381363906914e+00 2.227572909368351617e-01
1.554271356783919600e+03 1.508574162157856779e+00 2.268149354241211779e-01
1.560804020100502612e+03 1.507673004412799500e+00 2.308507840630339703e-01
1.567336683417085396e+03 1.506776737495925778e+00 2.348667166494489422e-01
1.573869346733668408e+03 1.505886409516428159e+00 2.388645730037156911e-01
1.580402010050251420e+03 1.505003219978497508e+00 2.428461136724818781e-01
1.586934673366834204e+03 1.504128465516102020e+00 2.468129935062913505e-01
1.593467336683417216e+03 1.503263496942660149e+00 2.507667452212558601e-01
1.600000000000000000e+03 1.502409685841029852e+00 2.547087705203169294e-01
